Randomly generated data for first BST:
136
65
98
27
130
37
6
147
82
133
12
181
158
67
45
75
137
16
141
198
172
24
101
107
73
26
62
115
88
157
50
104
55
76
33
91
34
132
124
166
143
57
161
53
149
69
41
47
192
148
125
163
191
2
58
112
68
90
154
21
78
18
116
86
92
28
138
193
77
150
1
175
199
51
113
189
46
81
109
13
49
186
176
110
80
66
54
23
87
32
123
126
8
35
114
48
111
171
174
3
Height of first BST: 11
First BST inorder:
1
2
3
6
8
12
13
16
18
21
23
24
26
27
28
32
33
34
35
37
41
45
46
47
48
49
50
51
53
54
55
57
58
62
65
66
67
68
69
73
75
76
77
78
80
81
82
86
87
88
90
91
92
98
101
104
107
109
110
111
112
113
114
115
116
123
124
125
126
130
132
133
136
137
138
141
143
147
148
149
150
154
157
158
161
163
166
171
172
174
175
176
181
186
189
191
192
193
198
199
Randomly generated data for second BST
68
18
32
48
38
105
164
122
29
144
Second BST preorder:
68
18
32
29
48
38
105
164
122
144
Second BST inorder:
18
29
32
38
48
68
105
122
144
164
Second BST post:
29
38
48
32
18
144
122
164
105
68
Modified BST #1 height:11
Modified BST #1 number of nodes:96
Modified BST #1 inorder output:
1
2
3
6
8
12
13
16
21
23
24
26
27
28
33
34
35
37
41
45
46
47
49
50
51
53
54
55
57
58
62
65
66
67
69
73
75
76
77
78
80
81
82
86
87
88
90
91
92
98
101
104
107
109
110
111
112
113
114
115
116
123
124
125
126
130
132
133
136
137
138
141
143
147
148
149
150
154
157
158
161
163
166
171
172
174
175
176
181
186
189
191
192
193
198
199
Is first BST empty? No
Is second BST empty? No
Both BST have been cleared.
Is first BST empty? Yes
Is second BST empty? Yes
