Bucket Sort with 1000 random numbers
Trial #	Swaps	Compares	Clock ticks
0	14506	10920	113
1	14506	10920	111
2	14506	10920	108
3	14506	10920	122
4	14506	10920	156
5	14506	10920	125
6	14506	10920	111
7	14506	10920	119
8	14506	10920	114
9	14506	10920	113
Avg.	14506	10920	119

Bucket Sort with 1000 sorted numbers
Trial #	Swaps	Compares	Clock ticks
0	13600	9019	73
1	13600	9019	71
2	13600	9019	72
3	13600	9019	111
4	13600	9019	72
5	13600	9019	72
6	13600	9019	118
7	13600	9019	72
8	13600	9019	71
9	13600	9019	82
Avg.	13600	9019	81

Bucket Sort with 10000 random numbers
Trial #	Swaps	Compares	Clock ticks
0	208840	142199	1501
1	208840	142199	1591
2	208840	142199	1468
3	208840	142199	1532
4	208840	142199	1622
5	208840	142199	1626
6	208840	142199	1585
7	208840	142199	1519
8	208840	142199	1564
9	208840	142199	1574
Avg.	208840	142199	1558

Bucket Sort with 10000 sorted numbers
Trial #	Swaps	Compares	Clock ticks
0	199830	105642	867
1	199830	105642	856
2	199830	105642	892
3	199830	105642	894
4	199830	105642	1050
5	199830	105642	979
6	199830	105642	965
7	199830	105642	878
8	199830	105642	904
9	199830	105642	919
Avg.	199830	105642	920

Bucket Sort with 100000 random numbers
Trial #	Swaps	Compares	Clock ticks
0	2762526	1754697	21102
1	2762526	1754697	20502
2	2762526	1754697	19274
3	2762526	1754697	19882
4	2762526	1754697	21108
5	2762526	1754697	18996
6	2762526	1754697	20388
7	2762526	1754697	19845
8	2762526	1754697	19251
9	2762526	1754697	20339
Avg.	2762526	1754697	20068

Bucket Sort with 100000 sorted numbers
Trial #	Swaps	Compares	Clock ticks
0	2672620	1239753	11946
1	2672620	1239753	12157
2	2672620	1239753	11796
3	2672620	1239753	12531
4	2672620	1239753	12001
5	2672620	1239753	12798
6	2672620	1239753	11677
7	2672620	1239753	11116
8	2672620	1239753	11149
9	2672620	1239753	11043
Avg.	2672620	1239753	11821

Bucket Sort with 1000000 random numbers
Trial #	Swaps	Compares	Clock ticks
0	34278775	20867567	237626
1	34278775	20867567	244016
2	34278775	20867567	265746
3	34278775	20867567	239117
4	34278775	20867567	236670
5	34278775	20867567	239057
6	34278775	20867567	235181
7	34278775	20867567	236176
8	34278775	20867567	233935
9	34278775	20867567	239548
Avg.	34278775	20867567	240707

Bucket Sort with 1000000 sorted numbers
Trial #	Swaps	Compares	Clock ticks
0	33378920	14042322	134958
1	33378920	14042322	134034
2	33378920	14042322	133392
3	33378920	14042322	142758
4	33378920	14042322	135094
5	33378920	14042322	135256
6	33378920	14042322	134762
7	33378920	14042322	134027
8	33378920	14042322	133135
9	33378920	14042322	132867
Avg.	33378920	14042322	135028

