Insertion Sort with 1000 random numbers
Trial #	Swaps	Compares	Clock ticks
0	254184	255183	891
1	254184	255183	974
2	254184	255183	957
3	254184	255183	1081
4	254184	255183	970
5	254184	255183	861
6	254184	255183	896
7	254184	255183	885
8	254184	255183	827
9	254184	255183	908
Avg.	254184	255183	925

Insertion Sort with 1000 sorted numbers
Trial #	Swaps	Compares	Clock ticks
0	0	999	5
1	0	999	5
2	0	999	5
3	0	999	5
4	0	999	5
5	0	999	4
6	0	999	4
7	0	999	5
8	0	999	4
9	0	999	4
Avg.	0	999	4

Insertion Sort with 10000 random numbers
Trial #	Swaps	Compares	Clock ticks
0	24890413	24900412	83607
1	24890413	24900412	81751
2	24890413	24900412	83702
3	24890413	24900412	83775
4	24890413	24900412	84250
5	24890413	24900412	85684
6	24890413	24900412	90123
7	24890413	24900412	85173
8	24890413	24900412	83418
9	24890413	24900412	86482
Avg.	24890413	24900412	84796

Insertion Sort with 10000 sorted numbers
Trial #	Swaps	Compares	Clock ticks
0	0	9999	42
1	0	9999	42
2	0	9999	42
3	0	9999	42
4	0	9999	42
5	0	9999	42
6	0	9999	42
7	0	9999	42
8	0	9999	42
9	0	9999	42
Avg.	0	9999	42

Insertion Sort with 100000 random numbers
Trial #	Swaps	Compares	Clock ticks
0	2498500582	2498601290	10797860
1	2498500582	2498601290	10863756
2	2498500582	2498601290	13213850
3	2498500582	2498601290	10623239
4	2498500582	2498601290	10732095
5	2498500582	2498601290	11186702
6	2498500582	2498601290	12081267
7	2498500582	2498601290	11872842
8	2498500582	2498601290	9985630
9	2498500582	2498601290	9380326
Avg.	2498500582	2498601290	10194171

Insertion Sort with 100000 sorted numbers
Trial #	Swaps	Compares	Clock ticks
0	0	9999	560
1	0	9999	560
2	0	9999	560
3	0	9999	560
4	0	9999	560
5	0	9999	560
6	0	9999	560
7	0	9999	560
8	0	9999	560
9	0	9999	560
Avg.	0	9999	560

Insertion Sort with 1000000 random numbers
Trial #	Swaps	Compares	Clock ticks
0	249632871220	249633949129	1403202208
1	249632871220	249633949129	1454996302
2	249632871220	249633949129	1456633819
3	249632871220	249633949129	1457461958
4	249632871220	249633949129	1417917304
5	249632871220	249633949129	1421156948
6	249632871220	249633949129	1401988455
7	249632871220	249633949129	1436602284
8	249632871220	249633949129	1452875694
9	249632871220	249633949129	1354859816
Avg.	249632871220	249633949129	1091746047

Insertion Sort with 1000000 sorted numbers
Trial #	Swaps	Compares	Clock ticks
0	0	9999	8213
1	0	9999	8213
2	0	9999	8213
3	0	9999	8213
4	0	9999	8213
5	0	9999	8213
6	0	9999	8213
7	0	9999	8213
8	0	9999	8213
9	0	9999	8213
Avg.	0	9999	8213

