Merge Sort with 1000 random numbers
Trial #	Swaps	Compares	Clock ticks
0	19974	8730	179
1	19974	8734	119
2	19974	8734	158
3	19974	8734	119
4	19974	8734	122
5	19974	8734	121
6	19974	8734	136
7	19974	8734	122
8	19974	8734	124
9	19974	8734	184
Avg.	19974	8733	138

Merge Sort with 1000 sorted numbers
Trial #	Swaps	Compares	Clock ticks
0	19974	5049	76
1	19974	5049	101
2	19974	5049	88
3	19974	5049	75
4	19974	5049	75
5	19974	5049	170
6	19974	5049	75
7	19974	5049	92
8	19974	5049	75
9	19974	5049	75
Avg.	19974	5049	90

Merge Sort with 10000 random numbers
Trial #	Swaps	Compares	Clock ticks
0	267262	120500	1734
1	267262	120505	1635
2	267262	120505	1941
3	267262	120505	1581
4	267262	120505	1732
5	267262	120505	1768
6	267262	120505	1893
7	267262	120505	1619
8	267262	120505	1866
9	267262	120505	1677
Avg.	267262	120504	1744

Merge Sort with 10000 sorted numbers
Trial #	Swaps	Compares	Clock ticks
0	267262	69018	1049
1	267262	69018	965
2	267262	69018	1273
3	267262	69018	1023
4	267262	69018	1033
5	267262	69018	1186
6	267262	69018	1237
7	267262	69018	1015
8	267262	69018	1022
9	267262	69018	1054
Avg.	267262	69018	1085

Merge Sort with 100000 random numbers
Trial #	Swaps	Compares	Clock ticks
0	3337892	1536147	21019
1	3337892	1536148	20595
2	3337892	1536148	20702
3	3337892	1536148	20561
4	3337892	1536148	19623
5	3337892	1536148	21754
6	3337892	1536148	22099
7	3337892	1536148	20329
8	3337892	1536148	20818
9	3337892	1536148	21049
Avg.	3337892	1536147	20854

Merge Sort with 100000 sorted numbers
Trial #	Swaps	Compares	Clock ticks
0	3337892	853916	12210
1	3337892	853916	12015
2	3337892	853916	12100
3	3337892	853916	12403
4	3337892	853916	11985
5	3337892	853916	11783
6	3337892	853916	11916
7	3337892	853916	12153
8	3337892	853916	12397
9	3337892	853916	13619
Avg.	3337892	853916	12258

Merge Sort with 1000000 random numbers
Trial #	Swaps	Compares	Clock ticks
0	39902890	18673541	250958
1	39902890	18673541	250504
2	39902890	18673541	247194
3	39902890	18673541	250482
4	39902890	18673541	246640
5	39902890	18673541	249063
6	39902890	18673541	252135
7	39902890	18673541	250507
8	39902890	18673541	250998
9	39902890	18673541	252435
Avg.	39902890	18673541	250091

Merge Sort with 1000000 sorted numbers
Trial #	Swaps	Compares	Clock ticks
0	39902890	10066446	144885
1	39902890	10066446	136740
2	39902890	10066446	135748
3	39902890	10066446	137204
4	39902890	10066446	138618
5	39902890	10066446	138410
6	39902890	10066446	137478
7	39902890	10066446	137194
8	39902890	10066446	136593
9	39902890	10066446	140863
Avg.	39902890	10066446	138373

